#         x                 p                rho                u        
-1.0000000000e+00  1.0000000000e+00  1.0000000000e+00  0.0000000000e+00
-9.9599198397e-01  1.0000000000e+00  1.0000000000e+00  0.0000000000e+00
-9.9198396794e-01  1.0000000000e+00  1.0000000000e+00  0.0000000000e+00
-9.8797595190e-01  1.0000000000e+00  1.0000000000e+00  0.0000000000e+00
-9.8396793587e-01  1.0000000000e+00  1.0000000000e+00  0.0000000000e+00
-9.7995991984e-01  1.0000000000e+00  1.0000000000e+00  0.0000000000e+00
-9.7595190381e-01  1.0000000000e+00  1.0000000000e+00  0.0000000000e+00
-9.7194388778e-01  1.0000000000e+00  1.0000000000e+00  0.0000000000e+00
-9.6793587174e-01  1.0000000000e+00  1.0000000000e+00  0.0000000000e+00
-9.6392785571e-01  1.0000000000e+00  1.0000000000e+00  0.0000000000e+00
-9.5991983968e-01  1.0000000000e+00  1.0000000000e+00  0.0000000000e+00
-9.5591182365e-01  1.0000000000e+00  1.0000000000e+00  0.0000000000e+00
-9.5190380762e-01  1.0000000000e+00  1.0000000000e+00  0.0000000000e+00
-9.4789579158e-01  1.0000000000e+00  1.0000000000e+00  0.0000000000e+00
-9.4388777555e-01  1.0000000000e+00  1.0000000000e+00  0.0000000000e+00
-9.3987975952e-01  1.0000000000e+00  1.0000000000e+00  0.0000000000e+00
-9.3587174349e-01  1.0000000000e+00  1.0000000000e+00  0.0000000000e+00
-9.3186372745e-01  1.0000000000e+00  1.0000000000e+00  0.0000000000e+00
-9.2785571142e-01  1.0000000000e+00  1.0000000000e+00  0.0000000000e+00
-9.2384769539e-01  1.0000000000e+00  1.0000000000e+00  0.0000000000e+00
-9.1983967936e-01  1.0000000000e+00  1.0000000000e+00  0.0000000000e+00
-9.1583166333e-01  1.0000000000e+00  1.0000000000e+00  0.0000000000e+00
-9.1182364729e-01  1.0000000000e+00  1.0000000000e+00  0.0000000000e+00
-9.0781563126e-01  1.0000000000e+00  1.0000000000e+00  0.0000000000e+00
-9.0380761523e-01  1.0000000000e+00  1.0000000000e+00  0.0000000000e+00
-8.9979959920e-01  1.0000000000e+00  1.0000000000e+00  0.0000000000e+00
-8.9579158317e-01  1.0000000000e+00  1.0000000000e+00  0.0000000000e+00
-8.9178356713e-01  1.0000000000e+00  1.0000000000e+00  0.0000000000e+00
-8.8777555110e-01  1.0000000000e+00  1.0000000000e+00  0.0000000000e+00
-8.8376753507e-01  1.0000000000e+00  1.0000000000e+00  0.0000000000e+00
-8.7975951904e-01  1.0000000000e+00  1.0000000000e+00  0.0000000000e+00
-8.7575150301e-01  1.0000000000e+00  1.0000000000e+00  0.0000000000e+00
-8.7174348697e-01  1.0000000000e+00  1.0000000000e+00  0.0000000000e+00
-8.6773547094e-01  1.0000000000e+00  1.0000000000e+00  0.0000000000e+00
-8.6372745491e-01  1.0000000000e+00  1.0000000000e+00  0.0000000000e+00
-8.5971943888e-01  1.0000000000e+00  1.0000000000e+00  0.0000000000e+00
-8.5571142285e-01  1.0000000000e+00  1.0000000000e+00  0.0000000000e+00
-8.5170340681e-01  1.0000000000e+00  1.0000000000e+00  0.0000000000e+00
-8.4769539078e-01  1.0000000000e+00  1.0000000000e+00  0.0000000000e+00
-8.4368737475e-01  1.0000000000e+00  1.0000000000e+00  0.0000000000e+00
-8.3967935872e-01  1.0000000000e+00  1.0000000000e+00  0.0000000000e+00
-8.3567134269e-01  1.0000000000e+00  1.0000000000e+00  0.0000000000e+00
-8.3166332665e-01  1.0000000000e+00  1.0000000000e+00  0.0000000000e+00
-8.2765531062e-01  1.0000000000e+00  1.0000000000e+00  0.0000000000e+00
-8.2364729459e-01  1.0000000000e+00  1.0000000000e+00  0.0000000000e+00
-8.1963927856e-01  1.0000000000e+00  1.0000000000e+00  0.0000000000e+00
-8.1563126253e-01  1.0000000000e+00  1.0000000000e+00  0.0000000000e+00
-8.1162324649e-01  1.0000000000e+00  1.0000000000e+00  0.0000000000e+00
-8.0761523046e-01  1.0000000000e+00  1.0000000000e+00  0.0000000000e+00
-8.0360721443e-01  1.0000000000e+00  1.0000000000e+00  0.0000000000e+00
-7.9959919840e-01  1.0000000000e+00  1.0000000000e+00  0.0000000000e+00
-7.9559118236e-01  1.0000000000e+00  1.0000000000e+00  0.0000000000e+00
-7.9158316633e-01  1.0000000000e+00  1.0000000000e+00  0.0000000000e+00
-7.8757515030e-01  1.0000000000e+00  1.0000000000e+00  0.0000000000e+00
-7.8356713427e-01  1.0000000000e+00  1.0000000000e+00  0.0000000000e+00
-7.7955911824e-01  1.0000000000e+00  1.0000000000e+00  0.0000000000e+00
-7.7555110220e-01  1.0000000000e+00  1.0000000000e+00  0.0000000000e+00
-7.7154308617e-01  1.0000000000e+00  1.0000000000e+00  0.0000000000e+00
-7.6753507014e-01  1.0000000000e+00  1.0000000000e+00  0.0000000000e+00
-7.6352705411e-01  1.0000000000e+00  1.0000000000e+00  0.0000000000e+00
-7.5951903808e-01  1.0000000000e+00  1.0000000000e+00  0.0000000000e+00
-7.5551102204e-01  1.0000000000e+00  1.0000000000e+00  0.0000000000e+00
-7.5150300601e-01  1.0000000000e+00  1.0000000000e+00  0.0000000000e+00
-7.4749498998e-01  1.0000000000e+00  1.0000000000e+00  0.0000000000e+00
-7.4348697395e-01  1.0000000000e+00  1.0000000000e+00  0.0000000000e+00
-7.3947895792e-01  1.0000000000e+00  1.0000000000e+00  0.0000000000e+00
-7.3547094188e-01  1.0000000000e+00  1.0000000000e+00  0.0000000000e+00
-7.3146292585e-01  1.0000000000e+00  1.0000000000e+00  0.0000000000e+00
-7.2745490982e-01  1.0000000000e+00  1.0000000000e+00  0.0000000000e+00
-7.2344689379e-01  1.0000000000e+00  1.0000000000e+00  0.0000000000e+00
-7.1943887776e-01  1.0000000000e+00  1.0000000000e+00  0.0000000000e+00
-7.1543086172e-01  1.0000000000e+00  1.0000000000e+00  0.0000000000e+00
-7.1142284569e-01  1.0000000000e+00  1.0000000000e+00  0.0000000000e+00
-7.0741482966e-01  1.0000000000e+00  1.0000000000e+00  0.0000000000e+00
-7.0340681363e-01  1.0000000000e+00  1.0000000000e+00  0.0000000000e+00
-6.9939879760e-01  1.0000000000e+00  1.0000000000e+00  0.0000000000e+00
-6.9539078156e-01  1.0000000000e+00  1.0000000000e+00  0.0000000000e+00
-6.9138276553e-01  1.0000000000e+00  1.0000000000e+00  0.0000000000e+00
-6.8737474950e-01  1.0000000000e+00  1.0000000000e+00  0.0000000000e+00
-6.8336673347e-01  1.0000000000e+00  1.0000000000e+00  0.0000000000e+00
-6.7935871743e-01  1.0000000000e+00  1.0000000000e+00  0.0000000000e+00
-6.7535070140e-01  1.0000000000e+00  1.0000000000e+00  0.0000000000e+00
-6.7134268537e-01  1.0000000000e+00  1.0000000000e+00  0.0000000000e+00
-6.6733466934e-01  1.0000000000e+00  1.0000000000e+00  0.0000000000e+00
-6.6332665331e-01  1.0000000000e+00  1.0000000000e+00  0.0000000000e+00
-6.5931863727e-01  1.0000000000e+00  1.0000000000e+00  0.0000000000e+00
-6.5531062124e-01  1.0000000000e+00  1.0000000000e+00  0.0000000000e+00
-6.5130260521e-01  1.0000000000e+00  1.0000000000e+00  0.0000000000e+00
-6.4729458918e-01  1.0000000000e+00  1.0000000000e+00  0.0000000000e+00
-6.4328657315e-01  1.0000000000e+00  1.0000000000e+00  0.0000000000e+00
-6.3927855711e-01  1.0000000000e+00  1.0000000000e+00  0.0000000000e+00
-6.3527054108e-01  1.0000000000e+00  1.0000000000e+00  0.0000000000e+00
-6.3126252505e-01  1.0000000000e+00  1.0000000000e+00  0.0000000000e+00
-6.2725450902e-01  1.0000000000e+00  1.0000000000e+00  0.0000000000e+00
-6.2324649299e-01  1.0000000000e+00  1.0000000000e+00  0.0000000000e+00
-6.1923847695e-01  1.0000000000e+00  1.0000000000e+00  0.0000000000e+00
-6.1523046092e-01  1.0000000000e+00  1.0000000000e+00  0.0000000000e+00
-6.1122244489e-01  1.0000000000e+00  1.0000000000e+00  0.0000000000e+00
-6.0721442886e-01  1.0000000000e+00  1.0000000000e+00  0.0000000000e+00
-6.0320641283e-01  1.0000000000e+00  1.0000000000e+00  0.0000000000e+00
-5.9919839679e-01  1.0000000000e+00  1.0000000000e+00  0.0000000000e+00
-5.9519038076e-01  1.0000000000e+00  1.0000000000e+00  0.0000000000e+00
-5.9118236473e-01  1.0000000000e+00  1.0000000000e+00  0.0000000000e+00
-5.8717434870e-01  1.0000000000e+00  1.0000000000e+00  0.0000000000e+00
-5.8316633267e-01  1.0000000000e+00  1.0000000000e+00  0.0000000000e+00
-5.7915831663e-01  1.0000000000e+00  1.0000000000e+00  0.0000000000e+00
-5.7515030060e-01  1.0000000000e+00  1.0000000000e+00  0.0000000000e+00
-5.7114228457e-01  1.0000000000e+00  1.0000000000e+00  0.0000000000e+00
-5.6713426854e-01  1.0000000000e+00  1.0000000000e+00  0.0000000000e+00
-5.6312625251e-01  1.0000000000e+00  1.0000000000e+00  0.0000000000e+00
-5.5911823647e-01  1.0000000000e+00  1.0000000000e+00  0.0000000000e+00
-5.5511022044e-01  1.0000000000e+00  1.0000000000e+00  0.0000000000e+00
-5.5110220441e-01  1.0000000000e+00  1.0000000000e+00  0.0000000000e+00
-5.4709418838e-01  1.0000000000e+00  1.0000000000e+00  0.0000000000e+00
-5.4308617234e-01  1.0000000000e+00  1.0000000000e+00  0.0000000000e+00
-5.3907815631e-01  1.0000000000e+00  1.0000000000e+00  0.0000000000e+00
-5.3507014028e-01  1.0000000000e+00  1.0000000000e+00  0.0000000000e+00
-5.3106212425e-01  1.0000000000e+00  1.0000000000e+00  0.0000000000e+00
-5.2705410822e-01  1.0000000000e+00  1.0000000000e+00  0.0000000000e+00
-5.2304609218e-01  1.0000000000e+00  1.0000000000e+00  0.0000000000e+00
-5.1903807615e-01  1.0000000000e+00  1.0000000000e+00  0.0000000000e+00
-5.1503006012e-01  1.0000000000e+00  1.0000000000e+00  0.0000000000e+00
-5.1102204409e-01  1.0000000000e+00  1.0000000000e+00  0.0000000000e+00
-5.0701402806e-01  1.0000000000e+00  1.0000000000e+00  0.0000000000e+00
-5.0300601202e-01  1.0000000000e+00  1.0000000000e+00  0.0000000000e+00
-4.9899799599e-01  1.0000000000e+00  1.0000000000e+00  0.0000000000e+00
-4.9498997996e-01  1.0000000000e+00  1.0000000000e+00  0.0000000000e+00
-4.9098196393e-01  1.0000000000e+00  1.0000000000e+00  0.0000000000e+00
-4.8697394790e-01  1.0000000000e+00  1.0000000000e+00  0.0000000000e+00
-4.8296593186e-01  1.0000000000e+00  1.0000000000e+00  0.0000000000e+00
-4.7895791583e-01  1.0000000000e+00  1.0000000000e+00  0.0000000000e+00
-4.7494989980e-01  1.0000000000e+00  1.0000000000e+00  0.0000000000e+00
-4.7094188377e-01  1.0000000000e+00  1.0000000000e+00  0.0000000000e+00
-4.6693386774e-01  1.0000000000e+00  1.0000000000e+00  0.0000000000e+00
-4.6292585170e-01  1.0000000000e+00  1.0000000000e+00  0.0000000000e+00
-4.5891783567e-01  1.0000000000e+00  1.0000000000e+00  0.0000000000e+00
-4.5490981964e-01  1.0000000000e+00  1.0000000000e+00  0.0000000000e+00
-4.5090180361e-01  1.0000000000e+00  1.0000000000e+00  0.0000000000e+00
-4.4689378758e-01  1.0000000000e+00  1.0000000000e+00  0.0000000000e+00
-4.4288577154e-01  1.0000000000e+00  1.0000000000e+00  0.0000000000e+00
-4.3887775551e-01  1.0000000000e+00  1.0000000000e+00  0.0000000000e+00
-4.3486973948e-01  1.0000000000e+00  1.0000000000e+00  0.0000000000e+00
-4.3086172345e-01  1.0000000000e+00  1.0000000000e+00  0.0000000000e+00
-4.2685370741e-01  1.0000000000e+00  1.0000000000e+00  0.0000000000e+00
-4.2284569138e-01  1.0000000000e+00  1.0000000000e+00  0.0000000000e+00
-4.1883767535e-01  1.0000000000e+00  1.0000000000e+00  0.0000000000e+00
-4.1482965932e-01  1.0000000000e+00  1.0000000000e+00  0.0000000000e+00
-4.1082164329e-01  1.0000000000e+00  1.0000000000e+00  0.0000000000e+00
-4.0681362725e-01  1.0000000000e+00  1.0000000000e+00  0.0000000000e+00
-4.0280561122e-01  1.0000000000e+00  1.0000000000e+00  0.0000000000e+00
-3.9879759519e-01  1.0000000000e+00  1.0000000000e+00  0.0000000000e+00
-3.9478957916e-01  1.0000000000e+00  1.0000000000e+00  0.0000000000e+00
-3.9078156313e-01  1.0000000000e+00  1.0000000000e+00  0.0000000000e+00
-3.8677354709e-01  1.0000000000e+00  1.0000000000e+00  0.0000000000e+00
-3.8276553106e-01  1.0000000000e+00  1.0000000000e+00  0.0000000000e+00
-3.7875751503e-01  1.0000000000e+00  1.0000000000e+00  0.0000000000e+00
-3.7474949900e-01  1.0000000000e+00  1.0000000000e+00  0.0000000000e+00
-3.7074148297e-01  1.0000000000e+00  1.0000000000e+00  0.0000000000e+00
-3.6673346693e-01  1.0000000000e+00  1.0000000000e+00  0.0000000000e+00
-3.6272545090e-01  1.0000000000e+00  1.0000000000e+00  0.0000000000e+00
-3.5871743487e-01  1.0000000000e+00  1.0000000000e+00  0.0000000000e+00
-3.5470941884e-01  1.0000000000e+00  1.0000000000e+00  0.0000000000e+00
-3.5070140281e-01  1.0000000000e+00  1.0000000000e+00  0.0000000000e+00
-3.4669338677e-01  1.0000000000e+00  1.0000000000e+00  0.0000000000e+00
-3.4268537074e-01  1.0000000000e+00  1.0000000000e+00  0.0000000000e+00
-3.3867735471e-01  1.0000000000e+00  1.0000000000e+00  0.0000000000e+00
-3.3466933868e-01  1.0000000000e+00  1.0000000000e+00  0.0000000000e+00
-3.3066132265e-01  1.0000000000e+00  1.0000000000e+00  0.0000000000e+00
-3.2665330661e-01  1.0000000000e+00  1.0000000000e+00  0.0000000000e+00
-3.2264529058e-01  1.0000000000e+00  1.0000000000e+00  0.0000000000e+00
-3.1863727455e-01  1.0000000000e+00  1.0000000000e+00  0.0000000000e+00
-3.1462925852e-01  1.0000000000e+00  1.0000000000e+00  0.0000000000e+00
-3.1062124248e-01  1.0000000000e+00  1.0000000000e+00  0.0000000000e+00
-3.0661322645e-01  1.0000000000e+00  1.0000000000e+00  0.0000000000e+00
-3.0260521042e-01  1.0000000000e+00  1.0000000000e+00  0.0000000000e+00
-2.9859719439e-01  1.0000000000e+00  1.0000000000e+00  0.0000000000e+00
-2.9458917836e-01  1.0000000000e+00  1.0000000000e+00  0.0000000000e+00
-2.9058116232e-01  1.0000000000e+00  1.0000000000e+00  0.0000000000e+00
-2.8657314629e-01  1.0000000000e+00  1.0000000000e+00  0.0000000000e+00
-2.8256513026e-01  1.0000000000e+00  1.0000000000e+00  0.0000000000e+00
-2.7855711423e-01  1.0000000000e+00  1.0000000000e+00  0.0000000000e+00
-2.7454909820e-01  1.0000000000e+00  1.0000000000e+00  0.0000000000e+00
-2.7054108216e-01  1.0000000000e+00  1.0000000000e+00  0.0000000000e+00
-2.6653306613e-01  1.0000000000e+00  1.0000000000e+00  0.0000000000e+00
-2.6252505010e-01  1.0000000000e+00  1.0000000000e+00  0.0000000000e+00
-2.5851703407e-01  1.0000000000e+00  1.0000000000e+00  0.0000000000e+00
-2.5450901804e-01  1.0000000000e+00  1.0000000000e+00  0.0000000000e+00
-2.5050100200e-01  1.0000000000e+00  1.0000000000e+00  0.0000000000e+00
-2.4649298597e-01  1.0000000000e+00  1.0000000000e+00  0.0000000000e+00
-2.4248496994e-01  1.0000000000e+00  1.0000000000e+00  0.0000000000e+00
-2.3847695391e-01  1.0000000000e+00  1.0000000000e+00  0.0000000000e+00
-2.3446893788e-01  9.8932990398e-01  9.9236683195e-01  9.0593893676e-03
-2.3046092184e-01  9.6991625354e-01  9.7841804793e-01  2.5759456168e-02
-2.2645290581e-01  9.5083005531e-01  9.6462655886e-01  4.2459522968e-02
-2.2244488978e-01  9.3206669366e-01  9.5099103067e-01  5.9159589768e-02
-2.1843687375e-01  9.1362160513e-01  9.3751013683e-01  7.5859656569e-02
-2.1442885772e-01  8.9549027803e-01  9.2418255837e-01  9.2559723369e-02
-2.1042084168e-01  8.7766825198e-01  9.1100698384e-01  1.0925979017e-01
-2.0641282565e-01  8.6015111745e-01  8.9798210929e-01  1.2595985697e-01
-2.0240480962e-01  8.4293451537e-01  8.8510663824e-01  1.4265992377e-01
-1.9839679359e-01  8.2601413666e-01  8.7237928168e-01  1.5935999057e-01
-1.9438877756e-01  8.0938572180e-01  8.5979875803e-01  1.7606005737e-01
-1.9038076152e-01  7.9304506044e-01  8.4736379313e-01  1.9276012417e-01
-1.8637274549e-01  7.7698799092e-01  8.3507312019e-01  2.0946019097e-01
-1.8236472946e-01  7.6121039988e-01  8.2292547981e-01  2.2616025777e-01
-1.7835671343e-01  7.4570822181e-01  8.1091961995e-01  2.4286032457e-01
-1.7434869739e-01  7.3047743869e-01  7.9905429588e-01  2.5956039137e-01
-1.7034068136e-01  7.1551407949e-01  7.8732827018e-01  2.7626045817e-01
-1.6633266533e-01  7.0081421983e-01  7.7574031272e-01  2.9296052497e-01
-1.6232464930e-01  6.8637398152e-01  7.6428920062e-01  3.0966059177e-01
-1.5831663327e-01  6.7218953218e-01  7.5297371826e-01  3.2636065857e-01
-1.5430861723e-01  6.5825708481e-01  7.4179265724e-01  3.4306072537e-01
-1.5030060120e-01  6.4457289740e-01  7.3074481634e-01  3.5976079217e-01
-1.4629258517e-01  6.3113327255e-01  7.1982900153e-01  3.7646085897e-01
-1.4228456914e-01  6.1793455700e-01  7.0904402595e-01  3.9316092577e-01
-1.3827655311e-01  6.0497314131e-01  6.9838870984e-01  4.0986099257e-01
-1.3426853707e-01  5.9224545942e-01  6.8786188059e-01  4.2656105937e-01
-1.3026052104e-01  5.7974798829e-01  6.7746237265e-01  4.4326112617e-01
-1.2625250501e-01  5.6747724747e-01  6.6718902757e-01  4.5996119297e-01
-1.2224448898e-01  5.5542979874e-01  6.5704069392e-01  4.7666125978e-01
-1.1823647295e-01  5.4360224572e-01  6.4701622731e-01  4.9336132658e-01
-1.1422845691e-01  5.3199123348e-01  6.3711449037e-01  5.1006139338e-01
-1.1022044088e-01  5.2059344817e-01  6.2733435268e-01  5.2676146018e-01
-1.0621242485e-01  5.0940561663e-01  6.1767469082e-01  5.4346152698e-01
-1.0220440882e-01  4.9842450603e-01  6.0813438828e-01  5.6016159378e-01
-9.8196392786e-02  4.8764692347e-01  5.9871233548e-01  5.7686166058e-01
-9.4188376754e-02  4.7706971564e-01  5.8940742976e-01  5.9356172738e-01
-9.0180360721e-02  4.6668976844e-01  5.8021857529e-01  6.1026179418e-01
-8.6172344689e-02  4.5650400658e-01  5.7114468314e-01  6.2696186098e-01
-8.2164328657e-02  4.4650939328e-01  5.6218467119e-01  6.4366192778e-01
-7.8156312625e-02  4.3670292985e-01  5.5333746413e-01  6.6036199458e-01
-7.4148296593e-02  4.2708165535e-01  5.4460199345e-01  6.7706206138e-01
-7.0140280561e-02  4.1764264627e-01  5.3597719741e-01  6.9376212818e-01
-6.6132264529e-02  4.0838301609e-01  5.2746202102e-01  7.1046219498e-01
-6.2124248497e-02  3.9929991501e-01  5.1905541599e-01  7.2716226178e-01
-5.8116232465e-02  3.9039052956e-01  5.1075634077e-01  7.4386232858e-01
-5.4108216433e-02  3.8165208225e-01  5.0256376047e-01  7.6056239538e-01
-5.0100200401e-02  3.7308183123e-01  4.9447664686e-01  7.7726246218e-01
-4.6092184369e-02  3.6467706996e-01  4.8649397837e-01  7.9396252898e-01
-4.2084168337e-02  3.5643512685e-01  4.7861474003e-01  8.1066259578e-01
-3.8076152305e-02  3.4835336491e-01  4.7083792348e-01  8.2736266258e-01
-3.4068136273e-02  3.4042918145e-01  4.6316252691e-01  8.4406272938e-01
-3.0060120240e-02  3.3266000770e-01  4.5558755510e-01  8.6076279618e-01
-2.6052104208e-02  3.2504330852e-01  4.4811201933e-01  8.7746286298e-01
-2.2044088176e-02  3.1757658205e-01  4.4073493742e-01  8.9416292978e-01
-1.8036072144e-02  3.1025735935e-01  4.3345533365e-01  9.1086299658e-01
-1.4028056112e-02  3.0713446523e-01  4.3033444536e-01  9.1809137949e-01
-1.0020040080e-02  3.0713446523e-01  4.3033444536e-01  9.1809137949e-01
-6.0120240481e-03  3.0713446523e-01  4.3033444536e-01  9.1809137949e-01
-2.0040080160e-03  3.0713446523e-01  4.3033444536e-01  9.1809137949e-01
 2.0040080160e-03  3.0713446523e-01  4.3033444536e-01  9.1809137949e-01
 6.0120240481e-03  3.0713446523e-01  4.3033444536e-01  9.1809137949e-01
 1.0020040080e-02  3.0713446523e-01  4.3033444536e-01  9.1809137949e-01
 1.4028056112e-02  3.0713446523e-01  4.3033444536e-01  9.1809137949e-01
 1.8036072144e-02  3.0713446523e-01  4.3033444536e-01  9.1809137949e-01
 2.2044088176e-02  3.0713446523e-01  4.3033444536e-01  9.1809137949e-01
 2.6052104208e-02  3.0713446523e-01  4.3033444536e-01  9.1809137949e-01
 3.0060120240e-02  3.0713446523e-01  4.3033444536e-01  9.1809137949e-01
 3.4068136273e-02  3.0713446523e-01  4.3033444536e-01  9.1809137949e-01
 3.8076152305e-02  3.0713446523e-01  4.3033444536e-01  9.1809137949e-01
 4.2084168337e-02  3.0713446523e-01  4.3033444536e-01  9.1809137949e-01
 4.6092184369e-02  3.0713446523e-01  4.3033444536e-01  9.1809137949e-01
 5.0100200401e-02  3.0713446523e-01  4.3033444536e-01  9.1809137949e-01
 5.4108216433e-02  3.0713446523e-01  4.3033444536e-01  9.1809137949e-01
 5.8116232465e-02  3.0713446523e-01  4.3033444536e-01  9.1809137949e-01
 6.2124248497e-02  3.0713446523e-01  4.3033444536e-01  9.1809137949e-01
 6.6132264529e-02  3.0713446523e-01  4.3033444536e-01  9.1809137949e-01
 7.0140280561e-02  3.0713446523e-01  4.3033444536e-01  9.1809137949e-01
 7.4148296593e-02  3.0713446523e-01  4.3033444536e-01  9.1809137949e-01
 7.8156312625e-02  3.0713446523e-01  4.3033444536e-01  9.1809137949e-01
 8.2164328657e-02  3.0713446523e-01  4.3033444536e-01  9.1809137949e-01
 8.6172344689e-02  3.0713446523e-01  4.3033444536e-01  9.1809137949e-01
 9.0180360721e-02  3.0713446523e-01  4.3033444536e-01  9.1809137949e-01
 9.4188376754e-02  3.0713446523e-01  4.3033444536e-01  9.1809137949e-01
 9.8196392786e-02  3.0713446523e-01  4.3033444536e-01  9.1809137949e-01
 1.0220440882e-01  3.0713446523e-01  4.3033444536e-01  9.1809137949e-01
 1.0621242485e-01  3.0713446523e-01  4.3033444536e-01  9.1809137949e-01
 1.1022044088e-01  3.0713446523e-01  4.3033444536e-01  9.1809137949e-01
 1.1422845691e-01  3.0713446523e-01  4.3033444536e-01  9.1809137949e-01
 1.1823647295e-01  3.0713446523e-01  4.3033444536e-01  9.1809137949e-01
 1.2224448898e-01  3.0713446523e-01  4.3033444536e-01  9.1809137949e-01
 1.2625250501e-01  3.0713446523e-01  4.3033444536e-01  9.1809137949e-01
 1.3026052104e-01  3.0713446523e-01  4.3033444536e-01  9.1809137949e-01
 1.3426853707e-01  3.0713446523e-01  4.3033444536e-01  9.1809137949e-01
 1.3827655311e-01  3.0713446523e-01  4.3033444536e-01  9.1809137949e-01
 1.4228456914e-01  3.0713446523e-01  4.3033444536e-01  9.1809137949e-01
 1.4629258517e-01  3.0713446523e-01  4.3033444536e-01  9.1809137949e-01
 1.5030060120e-01  3.0713446523e-01  4.3033444536e-01  9.1809137949e-01
 1.5430861723e-01  3.0713446523e-01  4.3033444536e-01  9.1809137949e-01
 1.5831663327e-01  3.0713446523e-01  4.3033444536e-01  9.1809137949e-01
 1.6232464930e-01  3.0713446523e-01  4.3033444536e-01  9.1809137949e-01
 1.6633266533e-01  3.0713446523e-01  4.3033444536e-01  9.1809137949e-01
 1.7034068136e-01  3.0713446523e-01  4.3033444536e-01  9.1809137949e-01
 1.7434869739e-01  3.0713446523e-01  4.3033444536e-01  9.1809137949e-01
 1.7835671343e-01  3.0713446523e-01  4.3033444536e-01  9.1809137949e-01
 1.8236472946e-01  3.0713446523e-01  4.3033444536e-01  9.1809137949e-01
 1.8637274549e-01  3.0713446523e-01  1.8614536335e-01  9.1809137949e-01
 1.9038076152e-01  3.0713446523e-01  1.8614536335e-01  9.1809137949e-01
 1.9438877756e-01  3.0713446523e-01  1.8614536335e-01  9.1809137949e-01
 1.9839679359e-01  3.0713446523e-01  1.8614536335e-01  9.1809137949e-01
 2.0240480962e-01  3.0713446523e-01  1.8614536335e-01  9.1809137949e-01
 2.0641282565e-01  3.0713446523e-01  1.8614536335e-01  9.1809137949e-01
 2.1042084168e-01  3.0713446523e-01  1.8614536335e-01  9.1809137949e-01
 2.1442885772e-01  3.0713446523e-01  1.8614536335e-01  9.1809137949e-01
 2.1843687375e-01  3.0713446523e-01  1.8614536335e-01  9.1809137949e-01
 2.2244488978e-01  3.0713446523e-01  1.8614536335e-01  9.1809137949e-01
 2.2645290581e-01  3.0713446523e-01  1.8614536335e-01  9.1809137949e-01
 2.3046092184e-01  3.0713446523e-01  1.8614536335e-01  9.1809137949e-01
 2.3446893788e-01  3.0713446523e-01  1.8614536335e-01  9.1809137949e-01
 2.3847695391e-01  3.0713446523e-01  1.8614536335e-01  9.1809137949e-01
 2.4248496994e-01  3.0713446523e-01  1.8614536335e-01  9.1809137949e-01
 2.4649298597e-01  3.0713446523e-01  1.8614536335e-01  9.1809137949e-01
 2.5050100200e-01  3.0713446523e-01  1.8614536335e-01  9.1809137949e-01
 2.5450901804e-01  3.0713446523e-01  1.8614536335e-01  9.1809137949e-01
 2.5851703407e-01  3.0713446523e-01  1.8614536335e-01  9.1809137949e-01
 2.6252505010e-01  3.0713446523e-01  1.8614536335e-01  9.1809137949e-01
 2.6653306613e-01  3.0713446523e-01  1.8614536335e-01  9.1809137949e-01
 2.7054108216e-01  3.0713446523e-01  1.8614536335e-01  9.1809137949e-01
 2.7454909820e-01  3.0713446523e-01  1.8614536335e-01  9.1809137949e-01
 2.7855711423e-01  3.0713446523e-01  1.8614536335e-01  9.1809137949e-01
 2.8256513026e-01  3.0713446523e-01  1.8614536335e-01  9.1809137949e-01
 2.8657314629e-01  3.0713446523e-01  1.8614536335e-01  9.1809137949e-01
 2.9058116232e-01  3.0713446523e-01  1.8614536335e-01  9.1809137949e-01
 2.9458917836e-01  3.0713446523e-01  1.8614536335e-01  9.1809137949e-01
 2.9859719439e-01  3.0713446523e-01  1.8614536335e-01  9.1809137949e-01
 3.0260521042e-01  3.0713446523e-01  1.8614536335e-01  9.1809137949e-01
 3.0661322645e-01  3.0713446523e-01  1.8614536335e-01  9.1809137949e-01
 3.1062124248e-01  3.0713446523e-01  1.8614536335e-01  9.1809137949e-01
 3.1462925852e-01  3.0713446523e-01  1.8614536335e-01  9.1809137949e-01
 3.1863727455e-01  3.0713446523e-01  1.8614536335e-01  9.1809137949e-01
 3.2264529058e-01  3.0713446523e-01  1.8614536335e-01  9.1809137949e-01
 3.2665330661e-01  3.0713446523e-01  1.8614536335e-01  9.1809137949e-01
 3.3066132265e-01  3.0713446523e-01  1.8614536335e-01  9.1809137949e-01
 3.3466933868e-01  3.0713446523e-01  1.8614536335e-01  9.1809137949e-01
 3.3867735471e-01  3.0713446523e-01  1.8614536335e-01  9.1809137949e-01
 3.4268537074e-01  3.0713446523e-01  1.8614536335e-01  9.1809137949e-01
 3.4669338677e-01  3.0713446523e-01  1.8614536335e-01  9.1809137949e-01
 3.5070140281e-01  3.0713446523e-01  1.8614536335e-01  9.1809137949e-01
 3.5470941884e-01  3.0713446523e-01  1.8614536335e-01  9.1809137949e-01
 3.5871743487e-01  3.0713446523e-01  1.8614536335e-01  9.1809137949e-01
 3.6272545090e-01  3.0713446523e-01  1.8614536335e-01  9.1809137949e-01
 3.6673346693e-01  3.0713446523e-01  1.8614536335e-01  9.1809137949e-01
 3.7074148297e-01  3.0713446523e-01  1.8614536335e-01  9.1809137949e-01
 3.7474949900e-01  3.0713446523e-01  1.8614536335e-01  9.1809137949e-01
 3.7875751503e-01  3.0713446523e-01  1.8614536335e-01  9.1809137949e-01
 3.8276553106e-01  3.0713446523e-01  1.8614536335e-01  9.1809137949e-01
 3.8677354709e-01  3.0713446523e-01  1.8614536335e-01  9.1809137949e-01
 3.9078156313e-01  3.0713446523e-01  1.8614536335e-01  9.1809137949e-01
 3.9478957916e-01  3.0713446523e-01  1.8614536335e-01  9.1809137949e-01
 3.9879759519e-01  1.2500000000e-01  1.0000000000e-01  0.0000000000e+00
 4.0280561122e-01  1.2500000000e-01  1.0000000000e-01  0.0000000000e+00
 4.0681362725e-01  1.2500000000e-01  1.0000000000e-01  0.0000000000e+00
 4.1082164329e-01  1.2500000000e-01  1.0000000000e-01  0.0000000000e+00
 4.1482965932e-01  1.2500000000e-01  1.0000000000e-01  0.0000000000e+00
 4.1883767535e-01  1.2500000000e-01  1.0000000000e-01  0.0000000000e+00
 4.2284569138e-01  1.2500000000e-01  1.0000000000e-01  0.0000000000e+00
 4.2685370741e-01  1.2500000000e-01  1.0000000000e-01  0.0000000000e+00
 4.3086172345e-01  1.2500000000e-01  1.0000000000e-01  0.0000000000e+00
 4.3486973948e-01  1.2500000000e-01  1.0000000000e-01  0.0000000000e+00
 4.3887775551e-01  1.2500000000e-01  1.0000000000e-01  0.0000000000e+00
 4.4288577154e-01  1.2500000000e-01  1.0000000000e-01  0.0000000000e+00
 4.4689378758e-01  1.2500000000e-01  1.0000000000e-01  0.0000000000e+00
 4.5090180361e-01  1.2500000000e-01  1.0000000000e-01  0.0000000000e+00
 4.5490981964e-01  1.2500000000e-01  1.0000000000e-01  0.0000000000e+00
 4.5891783567e-01  1.2500000000e-01  1.0000000000e-01  0.0000000000e+00
 4.6292585170e-01  1.2500000000e-01  1.0000000000e-01  0.0000000000e+00
 4.6693386774e-01  1.2500000000e-01  1.0000000000e-01  0.0000000000e+00
 4.7094188377e-01  1.2500000000e-01  1.0000000000e-01  0.0000000000e+00
 4.7494989980e-01  1.2500000000e-01  1.0000000000e-01  0.0000000000e+00
 4.7895791583e-01  1.2500000000e-01  1.0000000000e-01  0.0000000000e+00
 4.8296593186e-01  1.2500000000e-01  1.0000000000e-01  0.0000000000e+00
 4.8697394790e-01  1.2500000000e-01  1.0000000000e-01  0.0000000000e+00
 4.9098196393e-01  1.2500000000e-01  1.0000000000e-01  0.0000000000e+00
 4.9498997996e-01  1.2500000000e-01  1.0000000000e-01  0.0000000000e+00
 4.9899799599e-01  1.2500000000e-01  1.0000000000e-01  0.0000000000e+00
 5.0300601202e-01  1.2500000000e-01  1.0000000000e-01  0.0000000000e+00
 5.0701402806e-01  1.2500000000e-01  1.0000000000e-01  0.0000000000e+00
 5.1102204409e-01  1.2500000000e-01  1.0000000000e-01  0.0000000000e+00
 5.1503006012e-01  1.2500000000e-01  1.0000000000e-01  0.0000000000e+00
 5.1903807615e-01  1.2500000000e-01  1.0000000000e-01  0.0000000000e+00
 5.2304609218e-01  1.2500000000e-01  1.0000000000e-01  0.0000000000e+00
 5.2705410822e-01  1.2500000000e-01  1.0000000000e-01  0.0000000000e+00
 5.3106212425e-01  1.2500000000e-01  1.0000000000e-01  0.0000000000e+00
 5.3507014028e-01  1.2500000000e-01  1.0000000000e-01  0.0000000000e+00
 5.3907815631e-01  1.2500000000e-01  1.0000000000e-01  0.0000000000e+00
 5.4308617234e-01  1.2500000000e-01  1.0000000000e-01  0.0000000000e+00
 5.4709418838e-01  1.2500000000e-01  1.0000000000e-01  0.0000000000e+00
 5.5110220441e-01  1.2500000000e-01  1.0000000000e-01  0.0000000000e+00
 5.5511022044e-01  1.2500000000e-01  1.0000000000e-01  0.0000000000e+00
 5.5911823647e-01  1.2500000000e-01  1.0000000000e-01  0.0000000000e+00
 5.6312625251e-01  1.2500000000e-01  1.0000000000e-01  0.0000000000e+00
 5.6713426854e-01  1.2500000000e-01  1.0000000000e-01  0.0000000000e+00
 5.7114228457e-01  1.2500000000e-01  1.0000000000e-01  0.0000000000e+00
 5.7515030060e-01  1.2500000000e-01  1.0000000000e-01  0.0000000000e+00
 5.7915831663e-01  1.2500000000e-01  1.0000000000e-01  0.0000000000e+00
 5.8316633267e-01  1.2500000000e-01  1.0000000000e-01  0.0000000000e+00
 5.8717434870e-01  1.2500000000e-01  1.0000000000e-01  0.0000000000e+00
 5.9118236473e-01  1.2500000000e-01  1.0000000000e-01  0.0000000000e+00
 5.9519038076e-01  1.2500000000e-01  1.0000000000e-01  0.0000000000e+00
 5.9919839679e-01  1.2500000000e-01  1.0000000000e-01  0.0000000000e+00
 6.0320641283e-01  1.2500000000e-01  1.0000000000e-01  0.0000000000e+00
 6.0721442886e-01  1.2500000000e-01  1.0000000000e-01  0.0000000000e+00
 6.1122244489e-01  1.2500000000e-01  1.0000000000e-01  0.0000000000e+00
 6.1523046092e-01  1.2500000000e-01  1.0000000000e-01  0.0000000000e+00
 6.1923847695e-01  1.2500000000e-01  1.0000000000e-01  0.0000000000e+00
 6.2324649299e-01  1.2500000000e-01  1.0000000000e-01  0.0000000000e+00
 6.2725450902e-01  1.2500000000e-01  1.0000000000e-01  0.0000000000e+00
 6.3126252505e-01  1.2500000000e-01  1.0000000000e-01  0.0000000000e+00
 6.3527054108e-01  1.2500000000e-01  1.0000000000e-01  0.0000000000e+00
 6.3927855711e-01  1.2500000000e-01  1.0000000000e-01  0.0000000000e+00
 6.4328657315e-01  1.2500000000e-01  1.0000000000e-01  0.0000000000e+00
 6.4729458918e-01  1.2500000000e-01  1.0000000000e-01  0.0000000000e+00
 6.5130260521e-01  1.2500000000e-01  1.0000000000e-01  0.0000000000e+00
 6.5531062124e-01  1.2500000000e-01  1.0000000000e-01  0.0000000000e+00
 6.5931863727e-01  1.2500000000e-01  1.0000000000e-01  0.0000000000e+00
 6.6332665331e-01  1.2500000000e-01  1.0000000000e-01  0.0000000000e+00
 6.6733466934e-01  1.2500000000e-01  1.0000000000e-01  0.0000000000e+00
 6.7134268537e-01  1.2500000000e-01  1.0000000000e-01  0.0000000000e+00
 6.7535070140e-01  1.2500000000e-01  1.0000000000e-01  0.0000000000e+00
 6.7935871743e-01  1.2500000000e-01  1.0000000000e-01  0.0000000000e+00
 6.8336673347e-01  1.2500000000e-01  1.0000000000e-01  0.0000000000e+00
 6.8737474950e-01  1.2500000000e-01  1.0000000000e-01  0.0000000000e+00
 6.9138276553e-01  1.2500000000e-01  1.0000000000e-01  0.0000000000e+00
 6.9539078156e-01  1.2500000000e-01  1.0000000000e-01  0.0000000000e+00
 6.9939879760e-01  1.2500000000e-01  1.0000000000e-01  0.0000000000e+00
 7.0340681363e-01  1.2500000000e-01  1.0000000000e-01  0.0000000000e+00
 7.0741482966e-01  1.2500000000e-01  1.0000000000e-01  0.0000000000e+00
 7.1142284569e-01  1.2500000000e-01  1.0000000000e-01  0.0000000000e+00
 7.1543086172e-01  1.2500000000e-01  1.0000000000e-01  0.0000000000e+00
 7.1943887776e-01  1.2500000000e-01  1.0000000000e-01  0.0000000000e+00
 7.2344689379e-01  1.2500000000e-01  1.0000000000e-01  0.0000000000e+00
 7.2745490982e-01  1.2500000000e-01  1.0000000000e-01  0.0000000000e+00
 7.3146292585e-01  1.2500000000e-01  1.0000000000e-01  0.0000000000e+00
 7.3547094188e-01  1.2500000000e-01  1.0000000000e-01  0.0000000000e+00
 7.3947895792e-01  1.2500000000e-01  1.0000000000e-01  0.0000000000e+00
 7.4348697395e-01  1.2500000000e-01  1.0000000000e-01  0.0000000000e+00
 7.4749498998e-01  1.2500000000e-01  1.0000000000e-01  0.0000000000e+00
 7.5150300601e-01  1.2500000000e-01  1.0000000000e-01  0.0000000000e+00
 7.5551102204e-01  1.2500000000e-01  1.0000000000e-01  0.0000000000e+00
 7.5951903808e-01  1.2500000000e-01  1.0000000000e-01  0.0000000000e+00
 7.6352705411e-01  1.2500000000e-01  1.0000000000e-01  0.0000000000e+00
 7.6753507014e-01  1.2500000000e-01  1.0000000000e-01  0.0000000000e+00
 7.7154308617e-01  1.2500000000e-01  1.0000000000e-01  0.0000000000e+00
 7.7555110220e-01  1.2500000000e-01  1.0000000000e-01  0.0000000000e+00
 7.7955911824e-01  1.2500000000e-01  1.0000000000e-01  0.0000000000e+00
 7.8356713427e-01  1.2500000000e-01  1.0000000000e-01  0.0000000000e+00
 7.8757515030e-01  1.2500000000e-01  1.0000000000e-01  0.0000000000e+00
 7.9158316633e-01  1.2500000000e-01  1.0000000000e-01  0.0000000000e+00
 7.9559118236e-01  1.2500000000e-01  1.0000000000e-01  0.0000000000e+00
 7.9959919840e-01  1.2500000000e-01  1.0000000000e-01  0.0000000000e+00
 8.0360721443e-01  1.2500000000e-01  1.0000000000e-01  0.0000000000e+00
 8.0761523046e-01  1.2500000000e-01  1.0000000000e-01  0.0000000000e+00
 8.1162324649e-01  1.2500000000e-01  1.0000000000e-01  0.0000000000e+00
 8.1563126253e-01  1.2500000000e-01  1.0000000000e-01  0.0000000000e+00
 8.1963927856e-01  1.2500000000e-01  1.0000000000e-01  0.0000000000e+00
 8.2364729459e-01  1.2500000000e-01  1.0000000000e-01  0.0000000000e+00
 8.2765531062e-01  1.2500000000e-01  1.0000000000e-01  0.0000000000e+00
 8.3166332665e-01  1.2500000000e-01  1.0000000000e-01  0.0000000000e+00
 8.3567134269e-01  1.2500000000e-01  1.0000000000e-01  0.0000000000e+00
 8.3967935872e-01  1.2500000000e-01  1.0000000000e-01  0.0000000000e+00
 8.4368737475e-01  1.2500000000e-01  1.0000000000e-01  0.0000000000e+00
 8.4769539078e-01  1.2500000000e-01  1.0000000000e-01  0.0000000000e+00
 8.5170340681e-01  1.2500000000e-01  1.0000000000e-01  0.0000000000e+00
 8.5571142285e-01  1.2500000000e-01  1.0000000000e-01  0.0000000000e+00
 8.5971943888e-01  1.2500000000e-01  1.0000000000e-01  0.0000000000e+00
 8.6372745491e-01  1.2500000000e-01  1.0000000000e-01  0.0000000000e+00
 8.6773547094e-01  1.2500000000e-01  1.0000000000e-01  0.0000000000e+00
 8.7174348697e-01  1.2500000000e-01  1.0000000000e-01  0.0000000000e+00
 8.7575150301e-01  1.2500000000e-01  1.0000000000e-01  0.0000000000e+00
 8.7975951904e-01  1.2500000000e-01  1.0000000000e-01  0.0000000000e+00
 8.8376753507e-01  1.2500000000e-01  1.0000000000e-01  0.0000000000e+00
 8.8777555110e-01  1.2500000000e-01  1.0000000000e-01  0.0000000000e+00
 8.9178356713e-01  1.2500000000e-01  1.0000000000e-01  0.0000000000e+00
 8.9579158317e-01  1.2500000000e-01  1.0000000000e-01  0.0000000000e+00
 8.9979959920e-01  1.2500000000e-01  1.0000000000e-01  0.0000000000e+00
 9.0380761523e-01  1.2500000000e-01  1.0000000000e-01  0.0000000000e+00
 9.0781563126e-01  1.2500000000e-01  1.0000000000e-01  0.0000000000e+00
 9.1182364729e-01  1.2500000000e-01  1.0000000000e-01  0.0000000000e+00
 9.1583166333e-01  1.2500000000e-01  1.0000000000e-01  0.0000000000e+00
 9.1983967936e-01  1.2500000000e-01  1.0000000000e-01  0.0000000000e+00
 9.2384769539e-01  1.2500000000e-01  1.0000000000e-01  0.0000000000e+00
 9.2785571142e-01  1.2500000000e-01  1.0000000000e-01  0.0000000000e+00
 9.3186372745e-01  1.2500000000e-01  1.0000000000e-01  0.0000000000e+00
 9.3587174349e-01  1.2500000000e-01  1.0000000000e-01  0.0000000000e+00
 9.3987975952e-01  1.2500000000e-01  1.0000000000e-01  0.0000000000e+00
 9.4388777555e-01  1.2500000000e-01  1.0000000000e-01  0.0000000000e+00
 9.4789579158e-01  1.2500000000e-01  1.0000000000e-01  0.0000000000e+00
 9.5190380762e-01  1.2500000000e-01  1.0000000000e-01  0.0000000000e+00
 9.5591182365e-01  1.2500000000e-01  1.0000000000e-01  0.0000000000e+00
 9.5991983968e-01  1.2500000000e-01  1.0000000000e-01  0.0000000000e+00
 9.6392785571e-01  1.2500000000e-01  1.0000000000e-01  0.0000000000e+00
 9.6793587174e-01  1.2500000000e-01  1.0000000000e-01  0.0000000000e+00
 9.7194388778e-01  1.2500000000e-01  1.0000000000e-01  0.0000000000e+00
 9.7595190381e-01  1.2500000000e-01  1.0000000000e-01  0.0000000000e+00
 9.7995991984e-01  1.2500000000e-01  1.0000000000e-01  0.0000000000e+00
 9.8396793587e-01  1.2500000000e-01  1.0000000000e-01  0.0000000000e+00
 9.8797595190e-01  1.2500000000e-01  1.0000000000e-01  0.0000000000e+00
 9.9198396794e-01  1.2500000000e-01  1.0000000000e-01  0.0000000000e+00
 9.9599198397e-01  1.2500000000e-01  1.0000000000e-01  0.0000000000e+00
 1.0000000000e+00  1.2500000000e-01  1.0000000000e-01  0.0000000000e+00
